460
280
273
438
392
80
265
152
6
276
27
300
212
180
440
97
471
481
223
217
118
51
175
62
170
133
82
418
440
453
22
203
410
295
251
154
182
175
51
191
459
153
260
123
340
93
128
96
425
266
409
303
44
72
152
303
268
10
376
218
379
180
424
164
63
212
329
40
430
163
445
292
284
495
30
15
408
172
346
481
350
351
394
123
301
223
494
274
298
456
138
91
233
160
92
256
76
10
446
168
287
93
422
47
42
281
424
151
212
432
205
328
345
230
129
495
331
45
133
285
46
445
294
305
348
444
13
85
201
323
463
183
383
343
63
65
265
422
306
356
128
150
14
227
450
439
468
199
435
358
111
104
47
184
295
130
146
130
429
288
432
224
259
27
84
374
246
269
2
126
335
353
401
