10629
10276
10638
10051
9075
9882
11676
11320
11014
9704
9357
10899
10110
10485
9684
11673
10875
11680
10179
9252
11472
11194
9470
10760
9703
9762
9175
11614
11494
9141
10779
9640
11396
11038
11198
10324
10551
9736
11486
9143
11981
9536
11214
9918
10021
10717
10803
10335
11359
9825
10991
11294
9057
10464
9207
11324
10643
10247
10731
9701
10731
10219
10451
10500
10237
10889
9902
9838
9840
10847
11460
11068
11352
11599
11276
11705
10652
9413
9467
11417
9123
9176
11589
9917
11898
10347
11635
11398
11749
11386
11174
11912
9163
10440
11510
11925
9928
10582
10894
9086
11707
9499
10858
9402
11662
9272
11381
11176
10902
9783
9211
10614
10163
9781
10136
10422
11229
10430
10810
9959
9919
9354
10134
11640
9240
11106
11801
10056
11537
10336
11203
9085
9913
11964
9040
9778
10981
9831
11155
11969
9363
11173
11137
11670
10630
9997
9177
11589
9351
9403
11151
9763
11260
11941
10311
9321
10552
10271
9475
10132
11000
11093
10134
10354
10423
10871
11555
10207
9736
11755
9909
9348
9363
11409
9349
10031
9837
9618
11707
10306
11068
9923
9475
11336
9145
10893
10476
11467
11897
10405
9657
11191
10846
9678
11528
10948
10721
10515
11930
10106
9460
11846
11864
10609
9442
11247
9328
10077
11209
11334
10896
9948
10209
11579
11053
9177
9740
11366
9125
11327
11825
10264
10048
9517
9707
9244
9412
10238
9432
9205
11913
11034
10066
10635
11238
9906
10393
10540
9214
9708
11149
10969
10916
11934
11323
10538
10735
10929
11092
11375
9125
10890
11067
11067
11176
11366
11826
10845
10893
11778
11705
11497
10807
10993
11852
9021
9687
10855
9819
11112
11652
11036
10198
9126
11539
10538
9028
11636
11945
11045
9748
10253
9937
10269
9237
11278
11989
10132
9996
10559
9444
11962
11190
10742
10939
10195
11588
10729
10511
11941
10837
9393
9300
11245
9966
9580
11225
11345
11789
10753
11717
11623
11703
11973
10510
9111
11302
9653
10838
10253
11389
9285
10350
10656
11840
10517
11070
10650
9852
11388
9481
9751
10217
10260
10530
10096
10866
11451
9162
10259
10137
11252
10041
10376
9731
11031
10835
9117
10744
10834
11268
11541
10773
10972
9949
11574
10485
9655
10969
10035
11005
10047
11653
10431
9683
